132	209		
132	210		
133	209		
133	210		
134	209		
134	210		
132	207		
132	213		
133	207		
133	213		
134	207		
134	213		
209	129		
210	129		
132	204		
132	71		
133	71		
133	70		
62	213		
57	13		
59	13		
57	133		
59	133		
62	133		
207	129		
213	129		
201	80		
201	82		
204	129		
216	80		
216	82		
13	55		
16	255		
18	255		
22	255		
23	255		
24	255		
22	76		
23	76		
255	26		
18	252		
255	28		
255	31		
255	39		
22	72		
23	72		
23	74		
247	26		
247	76		
231	80		
231	82		
247	79		
247	80		
247	31		
247	39		
247	41		
230	80		
230	82		
258	39		
127	183		
129	180		
129	183		
135	183		
136	180		
136	183		
137	183		
125	71		
127	71		
129	71		
137	95		
176	143		
183	143		
176	142		
183	139		
183	142		
54	115		
54	117		
54	119		
115	53		
70	125		
96	44		
94	144		
95	144		
96	144		
94	146		
95	146		
95	139		
95	142		
80	217		
82	150		
82	217		
84	150		
84	217		
90	150		
90	217		
79	236		
80	232		
80	236		
80	238		
82	232		
82	236		
82	238		
84	232		
84	236		
84	238		
90	232		
90	236		
90	238		
79	146		
82	146		
82	149		
84	146		
84	149		
84	151		
90	146		
90	149		
90	151		
90	152		
90	155		
82	233		
82	241		
84	233		
84	241		
90	233		
90	241		
150	187		
43	96		
32	103		
44	103		
32	105		
44	105		
44	98		
44	100		
85	236		
85	238		
238	92		
85	146		
85	149		
86	146		
39	259		
41	259		
41	238		
98	144		
113	144		
114	144		
146	88		
146	92		
149	88		
149	92		
151	92		
152	88		
152	92		
160	92		
105	34		
34	103		
34	109		
