133	210
133	211
134	210
134	211
135	210
135	211
133	208
133	214
134	208
134	214
135	208
135	214
210	130
211	130
133	205
133	72
134	72
134	71
63	214
58	14
60	14
58	134
60	134
63	134
208	130
214	130
202	81
202	83
205	130
217	81
217	83
14	56
17	256
19	256
23	256
24	256
25	256
23	77
24	77
256	27
19	253
256	29
256	32
256	40
23	73
24	73
24	75
248	27
248	77
232	81
232	83
248	80
248	81
248	32
248	40
248	42
231	81
231	83
259	40
128	184
130	181
130	184
136	184
137	181
137	184
138	184
126	72
128	72
130	72
138	96
177	144
184	144
177	143
184	140
184	143
55	116
55	118
55	120
116	54
71	126
97	45
95	145
96	145
97	145
95	147
96	147
96	140
96	143
81	218
83	151
83	218
85	151
85	218
91	151
91	218
80	237
81	233
81	237
81	239
83	233
83	237
83	239
85	233
85	237
85	239
91	233
91	237
91	239
80	147
83	147
83	150
85	147
85	150
85	152
91	147
91	150
91	152
91	153
91	156
83	234
83	242
85	234
85	242
91	234
91	242
151	188
44	97
33	104
45	104
33	106
45	106
45	99
45	101
86	237
86	239
239	93
86	147
86	150
87	147
40	260
42	260
42	239
99	145
114	145
115	145
147	89
147	93
150	89
150	93
152	93
153	89
153	93
161	93
106	35
35	104
35	110