5.94252072864288
5.46526071863501
5.91158493392481
6.14846080055837
6.04589826645827
4.73329184852965
7.33362435696126
6.15140686636699
7.39609424837068
5.28011747108460
7.77996103836860
6.51714829870832
7.06610853832135
6.75579987044036
7.92269172303673
6.75556044952606
5.26473289680587
6.55568481922340
7.58088552828589
8.05740136708940
7.39065986322845
7.80822787945195
7.76443256932816
6.43902389570178
7.64490032908282
7.81663572244525
6.60546028977541
6.85038507273414
7.39799349382111
7.93625881361213
6.91742142405949
6.40046435093283
8.02699529200476
6.84317935653930
6.97404562417111
7.82988774250295
6.33403144806150
7.82628216226478
6.25725831485230
6.70784974965592
7.35193703037938
7.12672564992209
7.65597545296360
6.93827172282705
7.15439415724883
5.02589024533694
6.65629628066525
7.83976140168491
7.56324515084259
6.93834051132541
6.99087691943655
7.34235728809800
7.29153890083520
8.09566784553840
7.08800177046386
7.89930785620364
7.43644105667998
6.72398302973298
7.96873050506920
7.26605891890325
7.78906853833929
6.44251674946713
5.80396742997473
7.55130254754873
5.40155985257061
6.35146378883052
5.21348691686460
7.07790123382052
6.78096592227306
6.36490215906801
7.56470536085185
7.53308533915603
7.87965556440790
6.63175070623979
6.44978219298867
5.72448446132885
7.28444569981411
6.76449029779695
7.70155891663283
7.41522378486915
5.55580295836213
7.06917273371992
5.12604023760756
8.06272075385590
7.32359468371930
5.80476041372687
7.77024269740987
7.17410637241535
6.37665682029496
7.50544269420138
4.92913622831086
7.23301438447938
6.87402599037941
7.09850747501948
7.79099386468252
7.68003409365617
7.26377159234382
6.68499001812842
7.86133134219671
6.20130614002288
6.18638043712836
6.88890520796140
7.26033880768708
6.80753545765161
6.50556665329379
7.94377717024979
7.77441704465817
6.69114900855988
8.00057970227730
7.78835344849156
7.84728761612970
6.55960661429510
6.86315570269978
7.94797353395575
6.60631597280724
6.32370762336167
6.62048262280482
7.19394919787300
7.92400886310058
7.00421364052111
7.98548720514105
7.42059481710284
7.65646973806727
7.23093288425680
7.13506265301956
6.60813423055706
7.63749471098913
7.25391014009090
6.52392625631075
7.09665719490188
7.22146581001529
7.31269562571051
6.88359690504809
7.65592236373264
7.38293290789392
7.62084691933755
6.67310106049459
7.92318169608831
6.77952136275875
6.03609609241560
6.77133422643660
7.91588316439763
7.51579938837811
7.69299231202502
6.82074386396995
6.84183367672703
6.76620181784605
7.97346934213441
6.97030108761663
6.77005490411152
7.45919703407998
6.37573245589541
7.25817113540089
7.16840858992237
7.08653924028895
7.52846050008040